-0.011304
0.022590
0.005324
0.014333
0.022248
-0.005687
0.007129
0.045517
-0.003532
-0.010586
-0.010949
-0.017438
-0.002127
-0.039028
0.014629
-0.003005
0.022682
-0.000560
0.039588
0.004832
0.017424
-0.020506
-0.044034
-0.026043
-0.010528
-0.002070
-0.020519
-0.020582
-0.022030
-0.032087
-0.020957
0.008404
0.000877
-0.004302
0.038542
-0.016958
0.013092
0.049990
-0.039189
-0.001233
0.022900
0.030381
-0.030316
-0.047761
-0.017720
0.028356
0.028856
-0.032231
-0.007449
0.036742
-0.032673
0.001841
-0.023757
-0.047585
0.000487
0.012020
-0.002087
-0.022779
0.024733
-0.003564
0.018301
0.002290
0.015925
-0.043764
0.040688
-0.022305
0.029750
-0.017394
0.017207
-0.022319
-0.017690
0.009264
-0.004773
0.008072
0.041345
-0.013053
-0.005511
-0.028923
-0.006760
0.005517
0.041600
0.017985
0.021482
0.004657
-0.009939
-0.008319
0.021281
0.014165
0.000168
0.025137
0.014896
-0.022073
-0.045802
-0.004502
0.000399
-0.006320
0.032939
0.026466
0.002873
0.006187
0.045367
-0.045150
0.007122
-0.028833
0.006221
0.002103
-0.010043
0.018111
-0.028821
-0.019482
0.038089
-0.021229
0.060046
0.054010
-0.008960
0.031918
-0.024799
0.017550
-0.021128
0.024939
-0.043946
-0.038048
0.020367
-0.011786
0.010333
-0.001505
-0.001862
0.019134
-0.027031
-0.005716
0.049572
-0.037016
-0.013163
0.020983
-0.023787
-0.017681
0.005667
-0.049665
-0.004795
0.011559
-0.026728
0.002719
0.045567
-0.028508
-0.031979
-0.023683
-0.022045
0.040244
0.028120
-0.019484
0.041123
0.026782
0.033913
0.037430
0.006081
-0.031494
0.000256
-0.029796
0.011870
0.031852
0.003476
-0.000920
0.014576
-0.015083
0.027389
-0.031587
0.000300
0.009266
-0.032016
0.018019
0.001430
0.026145
-0.037386
-0.005914
-0.000078
0.010375
0.011047
-0.013676
0.036672
-0.044758
0.031686
0.012923
-0.008167
-0.054403
0.001391
-0.063984
0.038406
-0.002370
0.036561
0.008942
0.046367
-0.015746
0.006657
-0.005312
-0.005329
-0.025323
0.018500
-0.020262
-0.018113
-0.031828
-0.007723
-0.009630
-0.011291
0.033308
0.003539
-0.034427
-0.000370
-0.001947
0.005191
-0.034946
0.013457
0.034920
0.013927
-0.057147
-0.015877
-0.027606
0.014726
-0.013325
-0.012676
-0.036181
-0.019306
-0.030236
-0.026214
-0.012742
0.069744
0.002868
-0.015144
0.012908
0.046851
0.026655
0.006035
-0.030604
-0.023485
-0.013538
-0.009198
-0.009330
-0.015726
0.031012
-0.017665
-0.011825
-0.075000
0.040491
-0.012698
0.013925
0.034777
-0.015172
-0.021989
0.028357
-0.064779
-0.005538
0.000429
-0.015152
-0.011078
0.013017
-0.013524
-0.003348
-0.013455
-0.010723
0.071465
0.016772
0.003001
-0.000058
-0.007587
-0.027409
0.040626
0.000761
-0.011946
-0.008210
0.018480
-0.023469
0.000746
-0.001964
0.056802
-0.057641
-0.025065
0.006430
0.016422
-0.049674
-0.031937
0.049906
0.039448
0.014832
0.020832
-0.013626
0.038444
0.000444
0.010750
0.000792
-0.006622
0.029983
0.008799
-0.010684
-0.017683
-0.001139
0.012709
0.044880
-0.001291
0.049623
-0.001839
-0.004088
0.018149
0.030958
-0.049553
-0.006045
-0.013543
-0.002479
-0.013942
0.022635
0.010081
-0.005323
-0.005103
0.015156
-0.007970
-0.023645
-0.006878
-0.009212
0.032642
0.004228
-0.002684
-0.025537
0.064815
-0.009031
0.015025
-0.011198
-0.012583
-0.016537
0.025434
-0.024575
0.001388
-0.008140
-0.024951
0.000096
-0.046674
-0.007842
-0.018597
0.045816
0.033921
-0.042232
-0.025701
0.066105
-0.025074
-0.005346
0.024187
-0.044031
0.016049
0.054081
-0.020899
-0.007501
-0.031162
0.007064
-0.003087
0.039605
-0.011263
-0.004421
-0.001419
0.044823
0.004061
-0.018063
0.025600
0.021604
0.002257
-0.013550
0.019091
0.023667
-0.011376
-0.030383
-0.051991
0.002763
0.004890
0.018209
0.004260
-0.004241
0.001514
0.013193
0.002624
0.044059
0.000394
0.005334
-0.003838
0.063793
-0.050632
-0.000092
-0.038452
-0.000090
-0.035835
-0.004319
-0.005815
0.043840
0.020853
-0.001130
-0.054956
0.012846
-0.011960
-0.033043
0.003248
0.007924
-0.012714
-0.011859
0.024680
0.029409
-0.011080
-0.011738
-0.049025
0.002950
0.016343
-0.027210
-0.007720
0.017443
0.017297
-0.023291
0.009448
0.019782
-0.011367
-0.019566
0.052170
-0.030868
-0.003357
0.000124
0.017105
-0.005457
-0.007659
-0.003152
0.013479
0.039714
-0.020437
0.022142
-0.002235
-0.026284
-0.009201
0.006634
0.014326
0.030600
0.025843
0.028973
-0.031894
0.004344
0.008990
0.025766
-0.003912
0.019650
0.006783
-0.044186
-0.045408
0.028807
0.003074
0.014817
-0.010688
0.021015
0.020959
-0.025844
0.011433
-0.012602
-0.005549
0.018151
0.003872
0.008468
0.009415
-0.002360
0.009324
-0.023422
0.006971
-0.003820
-0.053072
0.016096
0.027146
-0.012173
-0.015677
-0.063631
-0.016073
0.024253
-0.030873
-0.007506
-0.017423
0.044995
-0.015871
-0.003778
-0.009159
0.004357
0.000342
0.004746
0.011869
0.000650
-0.011063
-0.023636
0.003431
0.047833
0.048171
0.000843
0.063347
0.012083
0.008772
-0.007130
-0.031677
-0.021424
-0.019831
-0.030235
-0.004789
0.039159
0.018314
0.001266
-0.025808
0.019363
-0.028533
-0.017002
-0.019295
0.033571
-0.033306
0.016384
0.004400
-0.022340
0.047942
0.002207
-0.040582
0.011612
0.043127
-0.013860
-0.000351
0.010347
0.013256
0.015394
-0.019757
-0.018792
0.007755
-0.029516
0.020202
0.018402
-0.004851
-0.030923
-0.027577
0.016790
0.001296
0.067267
-0.059491
0.023435
0.032214
0.034076
-0.014072
-0.011644
0.010142
0.014553
-0.049374
-0.042023
-0.002625
0.021275
-0.010643
-0.035798
0.032325
0.020618
-0.008442
-0.049707
0.017639
-0.014288
-0.041937
0.003258
-0.029856
-0.002323
-0.027244
0.013496
-0.014741
0.003303
-0.023357
0.014813
-0.031729
-0.018830
-0.029391
0.015238
-0.021783
-0.001690
0.073436
0.008678
0.025346
-0.027493
-0.006977
-0.006825
0.002000
0.008464
-0.021320
0.042107
0.008117
0.002868
-0.004036
-0.005292
-0.025024
-0.007361
0.014652
-0.017325
0.011347
-0.007550
-0.015355
0.023848
-0.040920
0.002808
-0.008351
-0.042001
-0.030561
0.003718
0.024698
0.022939
-0.014606
-0.002382
0.033515
0.043865
-0.010175
-0.018680
0.053544
0.000843
-0.016421
0.018749
-0.015013
-0.009684
0.037496
-0.026814
0.007977
-0.010667
0.004331
0.013569
0.037045
-0.028005
0.023148
0.032255
0.027376
0.014745
0.018100
-0.004794
-0.006876
-0.012540
-0.046570
0.032172
-0.020905
-0.001364
-0.002225
0.033175
0.027107
-0.004758
0.035232
-0.024332
-0.056714
-0.010211
-0.000135
-0.007008
-0.007122
-0.028829
-0.004511
-0.016484
0.004830
-0.004100
0.016535
0.021043
0.000742
-0.005167
0.005731
-0.024320
0.007911
0.028632
0.005135
-0.014933
0.053309
0.003651
0.002966
-0.054583
0.000600
-0.036405
0.009541
0.016819
0.015715
-0.025598
-0.019950
-0.033665
-0.016032
-0.012739
-0.002939
0.022865
0.011345
0.000018
-0.026840
0.011263
0.011694
0.011858
0.045999
-0.005824
-0.016715
-0.027638
0.009425
0.009778
-0.060811
0.027797
0.007946
-0.014979
0.038162
0.014954
-0.002005
-0.002716
0.024511
-0.008623
-0.026886
-0.031503
-0.034840
-0.020260
-0.013880
-0.025260
-0.026992
-0.025690
0.031476
-0.027611
-0.010917
0.017583
0.028370
0.029613
0.000386
-0.002918
0.020419
-0.005696
0.023089
-0.011780
0.019965
0.002329
-0.019920
0.047372
-0.024120
0.009239
-0.024604
-0.028037
-0.013685
0.054310
-0.004651
0.040279
-0.004377
-0.003036
-0.027711
0.027908
0.008803
0.013103
0.032684
0.025655
-0.042360
0.006729
-0.020147
-0.004209
0.014149
-0.011063
-0.013738
0.003243
0.045949
0.009700
-0.011744
-0.025272
-0.011665
0.011549
-0.016888
0.006128
0.011991
0.022822
0.011762
-0.057309
-0.000761
0.037006
0.021718
-0.001308
-0.059114
-0.031723
-0.014510
-0.022576
-0.014110
-0.011587
-0.010186
-0.019209
-0.031430
0.017696
-0.019556
-0.008888
-0.015948
0.023401
-0.010045
0.009699
-0.025376
0.012606
0.005164
-0.019289
-0.026309
0.006164
-0.021515
-0.041969
-0.021765
-0.027606
0.012985
-0.000752
-0.003342
-0.044177
0.018090
0.037719
0.009538
0.005218
0.003841
-0.037608
0.021134
0.008085
-0.007684
0.010849
-0.010212
0.003057
-0.000679
0.010956
0.010774
-0.001512
0.024086
-0.020267
0.023692
0.027313
0.013644
-0.017187
-0.023642
0.007734
-0.008783
-0.008987
-0.003630
-0.009298
0.003903
-0.004820
0.014844
-0.025494
0.003488
0.018227
-0.019968
-0.035610
0.009026
-0.021952
-0.016290
0.051518
-0.002028
-0.055423
0.036301
0.050180
-0.027621
0.027465
-0.036563
-0.002676
0.028761
0.002741
0.009572
0.051158
0.041900
0.027840
0.033314
0.023969
0.037455
-0.020371
0.007765
0.007477
0.000550
-0.008162
0.007442
-0.003424
-0.042282
0.036354
-0.006135
0.029054
-0.002732
0.004473
-0.013691
0.013838
0.075000
0.042902
-0.000499
0.045536
-0.041759
0.002419
-0.014391
0.008494
0.005062
0.031670
-0.022581
-0.006044
0.033978
0.031035
-0.044424
0.039841
0.031253
-0.017776
0.007261
-0.003182
-0.014560
-0.016417
0.048321
-0.001993
-0.012417
0.048271
0.019992
0.011902
-0.006870
0.008215
0.022444
-0.039280
0.007934
-0.028660
-0.018403
0.010381
0.006903
0.035109
-0.001980
0.006180
